alpha:	6.03949382187592
alpha:	3.0538872648605193
